# event_id de partidos completados de NBA/Euroleague/WNBA del volcado local
# (generado el 2026-09-01; el runner no puede leer bball_games con Turso bloqueado)
4588390
4588393
4588392
4588358
4588391
4588395
4588394
4588396
4588359
4588397
4588360
4588398
4588400
4588399
4588729
4588401
4588404
4588403
4588402
4588406
4588405
4588361
4588408
4588407
4588362
4588410
4588409
4588411
4588414
4588413
4588412
4588363
4588416
4588415
4588418
4588417
4588364
4588421
4588420
4588419
4588422
4588365
4588424
4588423
4588425
4588427
4588730
4588426
4588366
4588429
4588428
4588431
4588430
4588433
4588367
4588432
4588731
4588733
4588434
4588732
4588436
4588435
4588441
4588440
4588439
4588438
4588437
4588368
4588443
4588442
4588369
4588444
4588734
4588445
4588447
4588446
4588370
4588371
4588451
4588450
4588449
4588448
4588452
4588735
4588454
4588453
4588372
4588455
4588456
4588736
4588457
4588373
4588461
4588459
4588460
4588458
4588462
4588464
4588463
4588737
4588374
4588468
4588467
4588466
4588465
4588375
4588376
4588738
4588471
4588470
4588469
4588474
4588473
4588472
4588739
4588377
4588477
4588476
4588475
4588480
4588479
4588478
4588378
4588379
4588483
4588482
4588481
4588484
4588485
4588380
4588486
4588489
4588488
4588487
4588491
4588490
4588493
4588492
4588495
4588494
4588740
4588381
4588496
4588741
4588383
4588498
4588497
4588382
4588501
4588500
4588384
4588742
4588499
4588502
4588504
4588503
4588743
4588506
4588505
4588507
4588510
4588509
4588508
4588385
4588386
4588513
4588512
4588511
5329373
4588514
4588387
4588744
4588516
4588515
4588519
4588518
4588517
4588521
4995959
4588746
4588520
4588745
4996300
4996299
4588522
5000415
4997003
4588523
5016244
5003744
5002975
5000416
5012635
5012630
5015781
5012636
5028969
5016245
5024488
5024489
5028567
5024490
5027907
5028970
5031532
5040976
5031530
5041801
5041800
5049934
5041802
5054510
5465730
5465731
5040977
5054509
5049935
5472344
5472343
5472346
5472345
5472347
5472350
5472349
5472348
5499220
5505864
5506678
5525160
5506679
5525159
5506680
5525161
5563453
5560858
5587307
5598990
5599152
5599153
5630722
6113415
6113411
6113486
6113489
6113436
6113468
6113547
6113426
6113540
6113528
6113510
6113562
6113537
6113456
6113500
6113413
6113507
6113454
6113475
6113497
6113954
6113535
6113408
6113516
6113431
6113567
6113420
6113458
6113526
6113944
6113404
6113441
6113470
6113439
6113957
6113448
6113428
6113950
6113551
6113483
6113519
6113422
6113511
6113461
6113554
6113479
6113947
6113946
6113561
6113424
6113544
6113539
6113405
6113498
6113949
6113532
6113496
6113437
6113464
6113459
6113520
6113484
6113555
6113427
6113491
6113414
6113524
6113523
6113492
6113542
6113536
6113467
6113412
6113410
6113563
6113956
6113406
6113513
6113451
6113457
6113506
6113505
6113490
6113432
6113494
6113487
6113543
6113530
6113407
6113951
6113517
6113531
6113527
6113521
6113482
6113495
6113449
6113418
6113472
6113460
6113450
6113447
6113518
6113948
6113565
6113442
6113476
6113477
6113558
6113462
6113943
6113440
6113469
6901633
6901632
6901631
6113522
6113514
6113423
6113435
6113438
6113545
6113958
6113504
6113502
6113445
6113538
6113509
6113952
6113453
6113434
6113485
6113508
6113945
6113446
6113416
6113471
6113559
6113501
6113564
6113409
6810518
6113465
6113425
6113557
6113481
6113463
6113430
6113556
6113493
6113474
6113452
6113955
6113429
6113444
6113480
6113417
6113534
6113488
6113419
6113566
6113560
6113546
6113455
6113541
6113512
6113515
6113478
6113552
6113529
6113525
6113553
6113421
6113550
6113503
6113549
6113533
6113473
6113433
6113466
6113953
6910965
6674425
6674427
6674423
6674426
6674424
6674428
6674422
6689547
6681211
6680171
6680172
6705681
6689546
6701046
6697413
6718758
6704131
6697414
6708310
6707824
6701047
6705682
6730118
6718757
6730111
6718759
6718459
6730112
6749779
6726547
6730117
6726548
6735961
6745728
6733714
6735960
6733713
6758120
6749778
6749780
6736471
6753469
6745729
6745727
6772420
6764748
6758118
6763786
6772419
6753463
6764746
6763834
6758119
6785539
6781384
6775771
6772421
6764745
6764744
7195884
7196099
7196101
7196103
7195885
7196100
7196102
7196104
7227319
7236516
7240159
7236987
7240742
7240743
7236988
7266599
6937419
6937418
6935313
6937417
6937416
6937422
6937421
6937611
6937420
7285818
6935315
6937424
6935314
6937423
7286170
6937429
6937428
6937427
6937426
7286169
6937434
6937433
6935316
6937431
6937430
6937432
7336485
6935317
6937435
6937440
6937439
6937438
6937437
7349380
6937443
6935319
6937442
6937441
6935318
6937612
6937444
6937446
6935320
6937445
6935321
6937613
6937448
6937447
7344791
6937452
6935323
6937450
6937449
6935322
6937455
6937454
6937453
6937459
6937458
6937457
6935324
6937456
6937614
6937460
6937461
6935325
6937466
6937465
6937464
6937463
6937462
6937468
6935327
6937467
6935326
6937472
6937471
6937470
6937469
6935329
6937475
6937474
6937473
6935328
6935331
6937478
6937477
6937476
6935330
6937482
6937481
6937480
6937479
7462841
6937485
6937487
6935333
6935332
6937484
6937483
6937489
6937488
6937486
6937491
6935335
6937490
6935334
6937615
6937495
6937494
6937493
6937492
6937497
6937496
6935336
6937499
6937502
6937501
6937500
6935337
6937498
6937505
6935338
6937506
6937503
6937504
6935339
6937509
6937508
6937507
6937512
6937513
6937511
6935340
6937510
6937515
6935341
6937616
6937514
6937518
6937517
6937516
6937520
6935343
6935342
6937618
6937519
6937617
6937525
6935344
6937524
6937523
6937522
6937527
6937521
6937526
6935345
6937531
6937530
6937529
6935346
6937528
6937532
6937619
6935347
6937533
6937620
6937535
6937534
6937536
6937539
6937538
6937537
6935349
6935348
6937542
6937541
6935350
6937622
6935351
6937621
6937540
6937543
6937544
6937546
6937545
6937623
6935352
6935353
6937624
6937549
6937548
6937547
6937553
6937552
6935354
6937551
6937550
6937557
6937556
6937554
6937555
6937560
6935356
6937559
6935355
6937558
6937563
6937562
6937561
6937625
6937566
6935357
6937565
6937564
6935358
6937570
6937569
6937568
6937567
6937572
6937571
6935360
6935359
6937577
6937576
6937575
6937574
6937573
6937626
6937580
6937579
6935361
6937578
6937583
6935362
6937582
6937581
6937586
6937585
6937584
6935363
6937590
6935364
6937589
6937588
6937587
6937593
6937595
6937594
6937592
6937591
6935365
6937596
6935366
6937627
6937600
6937599
6935367
6937598
6937628
6937597
6937602
6937601
6937629
6937606
6937605
6937604
6937603
6937630
6937610
6937609
6937608
6937607
7577739
7553907
7560924
7344798
7610594
7349085
7568161
7579248
7561034
7338426
7572581
7597521
7597420
7378277
7579822
7601224
7594230
7378278
7594133
7618877
7610705
7610699
7603383
7618606
7614068
7610706
7394351
7622166
7641733
7406370
7641732
7621803
7614208
7641734
7641440
7404805
8093080
8093079
8109418
8121186
8109797
8109381
8109382
8121187
8108569
8142798
8090937
8095035
8108571
8121189
8090938
8108570
8090934
8170462
8174875
8174876
8090935
7676654
7676662
7676791
7676757
7676640
7676695
7676685
7676641
7676714
7676797
7676754
7676744
7676770
7676673
7676779
7676713
7676678
7676752
7676683
7676766
7676745
7676737
8198007
8197045
7676734
7676732
7676727
8259629
8259625
7676771
7676774
7676788
7676785
7677130
7676739
7676792
7676648
7676781
7676755
7676773
7676784
7676656
7677124
7676733
7676694
7676670
7676693
7676710
7676715
7676645
7676669
7677123
7676709
7676729
7676702
7676711
7676765
8296886
7676689
7676655
7677118
7676658
7676783
7676705
7676667
7676756
7676657
7676728
7676716
7676652
7676718
7676780
7676674
7676708
7676642
7677125
7676759
7676736
7676649
7676743
7676750
7676688
7676675
7676679
7676651
7676738
7676746
7676725
7676722
7676769
7676677
7676731
7676691
7676798
7676666
7677121
7676646
7676799
7676789
7676763
7676671
8357695
7677127
7676687
7676778
7677122
7676726
7676703
7676796
7676707
7676697
7676735
7676742
7677115
7676721
7676777
7676748
7676653
7676751
7676663
7676665
7676643
7676795
7676664
7676790
7676659
7676682
7676800
7676668
7677131
7676696
7676698
7676787
7677120
7676775
7676741
7676782
7676699
7677117
7676747
7676776
7676801
7676740
7676719
7676749
7676720
7676730
7676794
7676676
7676684
7676706
7676768
7677114
7676724
7676717
7676786
7676681
7676644
7676680
7676650
7676802
7676704
7676772
7676672
7677129
7676701
7676793
7676758
7676753
7676686
7676712
7676660
7677119
7676761
7676661
7676762
7676647
7676692
7677128
7676700
7676767
8219586
7676760
7677116
7676690
8224185
8220880
7676764
7677126
8224184
8224183
8220882
8220883
8220881
8235727
8235221
8234888
8235726
8231895
8238960
8243504
8247497
8247154
8238961
8243503
8263524
8255531
8252343
8247496
8260148
8266965
8260149
8255532
8256776
8251816
8263521
8280164
8263522
8275581
8263055
8263523
8263520
8287729
8279735
8277061
8277060
8279733
8279734
8294459
8287730
8284170
8287433
8287432
8284171
8312377
8304058
8294784
8294782
8304057
8320323
8303393
8290694
8323700
8303394
8317057
8837341
8846663
8846709
8846684
8846707
8846705
8846708
8846706
8868443
8873221
8890700
8891273
8502964
8502965
8502560
8502963
8502962
8502961
8505050
8502967
8502966
8873885
8870771
8900979
8913337
8502576
8502968
8920511
8502561
8502971
8502970
8502969
8502974
8502973
8502972
8929708
8929753
8502562
8502980
8502979
8502978
8502977
8502976
8502577
8502975
8502981
8502985
8502984
8502983
8502563
8502982
8941076
8502988
8502578
8502987
8502986
8951081
8975139
8657290
8502564
8671251
8671243
8671099
8657292
8670860
8657291
8502579
8502992
8502991
8502990
8502989
8671266
8671384
8671123
8657293
8671144
8671113
8671009
8502995
8502994
8502993
8966325
8671233
8671201
8671301
8671155
8671336
8671020
8671409
8671199
8670866
8671204
8966323
8671025
8671268
8671253
8671112
8671006
8671271
8671015
8671250
8671224
8671145
9007960
9008111
9008110
9007959
8671324
8671300
8671280
8671103
8670859
8671206
9012535
8503001
8503000
8502999
8502998
8502997
8502996
8671362
8671223
8671403
8671102
8671267
8966324
8671337
8502565
8503002
8502580
8671207
8671198
8671185
8671161
8671087
8670865
8670992
8671400
8503006
8503005
8503004
8503003
8671202
8671021
8670993
8671215
8671167
8503009
8503008
8502581
8503007
8502566
8671255
8671177
8671096
8671296
8671160
8670870
8671237
8671294
8671088
8671225
8671395
8671318
8671252
8670994
8671346
8671017
8670857
8671003
8671249
8671175
8671125
8671278
8671130
8671124
8671281
8671000
8671314
8671217
8671388
8671299
8670987
8671022
8671227
8671240
8671323
8671315
8671188
8671213
8670855
8671274
8671359
8505049
8503012
8503011
8502582
8671118
8671095
8671367
8671018
8671258
8671218
8671142
8671027
8671370
8671091
8671264
8670858
8503016
8503015
8503014
8503013
8503010
8671340
8671146
8671110
8671197
8671276
8671220
8671282
8671120
8671383
8671004
8671351
8671334
8671109
8671104
8671368
8671010
8670863
8671285
8671238
8671137
8670862
8671186
8671373
8671241
8671229
8671187
8671392
8671338
8671405
8671396
8670988
8503022
8503021
8503020
8503019
8503018
8502583
8503017
8671313
8671289
8671194
8671005
8670997
8503023
8502567
8672807
8671060
8671046
8671069
8671061
8671071
8671070
8671064
8503027
8503026
8503025
8502584
8503024
8671328
8671316
8671084
8671329
8671166
8670861
8671192
8671179
8671139
8671019
8671286
8503030
8503029
8502568
8503028
8671189
8671184
8671051
8671044
8671080
8670981
8670976
8671057
8671047
8671043
8671039
8671048
8671041
8670853
8671399
8671151
8671121
8670867
8671284
8671119
8671089
8671191
8671331
8671031
8671298
8671410
8671156
8671013
8671350
8671390
8671335
8671275
8671401
8671344
8671219
8671363
8503031
8671040
8670983
8670978
8671042
8671059
8671074
8503035
8503034
8503033
8502569
8503032
8503036
8671230
8671143
8671134
8671406
8671382
8670989
8671387
8671008
8503038
8503037
8671326
8671352
8671325
8671128
8671182
8671085
8671055
8674213
8671082
8671065
8670980
8671068
8671052
8671162
8671101
8671236
8671242
8671360
8671310
8671303
8671269
8671083
8670856
8671358
8671093
8671214
8671014
8671247
8671209
8671364
8671170
8671235
8671115
8671007
8671066
8671078
8671058
8671038
8671050
8503044
8503041
8502570
8503040
8503039
8671034
8671302
8671290
8671111
8671149
8671032
8670864
8671141
8671411
8671374
8671371
8671183
8671148
8671107
8503045
8503043
8502585
8503042
8670979
8671079
8671037
8671205
8671072
8670982
8671077
8671073
8671067
8671081
8671075
8671265
8671090
8671030
8671407
8671232
8671355
8671385
8671131
8671408
8671221
8671322
8671117
8671210
8670999
8503050
8502571
8503049
8503048
8503047
8503046
8671365
8671341
8671129
8670991
8503052
8502586
8503051
8671086
8671063
8671049
8671053
8671062
8670977
8671056
8671036
8671076
8671054
8671045
8503056
8503055
8502572
8503054
8503053
8671094
8671297
8671393
8671342
8671248
8671222
8503059
8502587
8503058
8503057
8671339
8671216
8671174
8670995
8671389
8671023
8671196
8671152
8671319
8671150
8671136
8671381
8671171
8671345
8671332
8671369
8671195
8671397
8671135
8671256
8671097
8671147
8671259
8671165
8671291
8671211
8671333
8671016
8671402
8671244
8671126
8671181
8671273
8670990
8671295
9203494
9203185
8503063
8503062
8503061
8502573
8503060
9203493
9203184
8503066
8503065
8502588
8503064
9203805
9204326
9203802
9237358
9203814
9204331
9203803
9203809
9203807
9203806
9204333
9203801
9237495
9204329
9203804
9237458
9204327
9237482
9204330
9203812
8503072
8502574
8503071
8503070
8503069
8503068
8503067
9203811
9204332
9203813
9203808
9204328
9203810
8503073
8502589
9249862
8503076
8503074
8503080
8502590
8503079
8503078
8503077
8502575
8671127
8671105
8671398
8671308
8671231
8671261
8671114
8671026
8671312
8671164
8671357
8671159
8671029
8671348
8670996
8671153
8671168
8671366
8671098
8670871
8671361
8671305
8671394
8671377
8671254
8671246
8671001
8671349
8671288
8671262
8670986
8671132
8671321
8671277
8671193
8671372
8671347
8671011
8671379
8671307
8671200
8671376
8671375
8671317
8671100
8651637
8651636
8651635
8503084
8503083
8503082
8503081
8651639
8651638
8503089
8503088
8503087
8503086
8503085
8671356
8670869
8671306
8671190
8671002
8671320
8671304
8671169
8671035
8671012
8671260
8671106
8671245
8671176
8671212
8671028
8671343
8671311
8671378
8671386
8671158
8671173
8671228
8671208
8671108
8670868
8671239
8671138
8671270
8671380
8671327
8671024
9040971
8671257
9045945
8671404
8671353
8671172
8671391
8671234
8671163
8671263
8671226
8671033
9045944
8503094
8503093
8503092
8503090
8671279
8671287
8671272
9040831
8671292
8671140
9040968
8671133
8503099
8503098
8503097
8503096
8503095
8671092
8671157
9051063
8671293
8671309
8671122
9055109
9050416
9055108
9050415
9050418
9055106
9054631
8671154
9055111
9050417
9055107
9055105
9054634
9070293
9070294
9055103
9070291
9055112
9045943
8671203
9055114
9046397
9070290
9070284
9070289
9081095
9081091
9070292
9090713
9070288
9055113
9055110
9055104
9080437
9070514
9070283
9081092
9081090
9070287
9070285
8503103
8503102
8503101
8503100
9070282
9081093
9070515
9082327
9080436
9085516
9082328
9070286
8503108
8503107
8503106
8503105
8503104
9085517
9081094
9090719
9085515
9090720
9090717
9081096
9090712
9090726
9094803
9090725
9090721
9098487
9090724
9085518
9098490
9098489
9098203
9090718
9102972
9099163
9090714
9090723
9098488
9098204
9098486
9102977
8503114
8503113
8503112
8503111
8503110
9102971
9102969
9102970
9109710
9108772
9109706
8503118
8503117
8503116
8503115
9100447
9109715
9113856
9098024
9108775
9102974
9094801
8503122
8503121
8503120
8503119
9113852
9108771
9109705
9113855
9108765
9119794
9113849
9109708
9108773
9108764
9108862
8503127
8503126
8503125
8503124
8503123
9123678
9109711
9102973
9109709
9108774
9113858
9123665
9123677
9123675
9123664
9119795
9109707
9108766
9113859
9108767
9123672
9123663
9113854
9113850
9123667
9113851
9113848
9123662
9123669
9123666
9123674
9123668
9126940
9123682
9123679
9113853
9123670
9113857
9132083
9128388
8503136
9136828
9123671
9141303
9131599
9123673
8503132
8503131
8503130
8503129
8503128
9127807
9136826
9128395
9131598
9131597
9123676
9131181
9123681
9123680
8503135
8503134
8503133
9350199
9146377
9141774
9136827
9136823
9141768
9127806
9146373
9155710
9155716
9150597
9141772
9141300
9141298
9131600
9141777
9146381
9131184
9151622
9146379
9141773
9155936
9141769
9136822
9141299
9131601
9136825
9151623
9157035
9155714
9155707
9159728
9159724
9155713
9155708
9150595
9150596
9136824
9155715
9155711
9381021
9155712
8503141
8503140
8503139
8503138
8503137
9146376
9146380
9163204
9141771
9168492
9159727
9155709
9146378
9163521
9159726
9150591
9049565
8503144
8503143
9436621
9167912
9159729
9172749
9172750
9155706
9172752
9163208
9168493
9167913
9151618
9167914
9163623
9163624
9159730
9177096
9176914
9167911
9167916
9173055
9177101
9159723
9176913
9168149
9159725
9177103
9172748
8503149
8503148
8503147
8503146
8503145
9177482
9177481
9186172
9167915
9177098
9172747
9172746
9172751
9185488
9177099
8503153
8503152
8503151
8503150
9177102
9177100
9176915
9186335
9186170
9172745
9190641
8503158
8503157
8503156
8503155
8503154
9186330
9186594
9191686
9186171
9186325
9186337
9186329
9186169
9186167
9185487
9172753
8503162
8503161
8503160
8503159
9186332
9186596
9186595
9194022
9177095
9194021
9186336
9194026
9194219
9186597
9186333
9186331
9186168
9194024
9177097
9202735
9202723
9190643
9186334
9194020
9203194
9199307
9203197
9194025
9186324
9194217
9190642
9199304
9203198
9203188
9223823
9199310
9199305
9194029
9203191
9202739
9199306
9203200
9199309
9194023
9202736
9194407
9233101
9245635
9224645
9203199
9232999
9203193
9203190
9202737
9224195
9202738
9199308
9223824
9203195
9203187
9372718
9233103
9233100
9237655
9224646
9381023
9245632
9224194
9245633
9203192
9237656
9232996
9224190
9252674
9203189
9257316
9241343
9249938
9233102
9252675
9241344
9241342
9270892
9245354
9232995
9274890
9270878
9257319
9249473
9203196
9279742
9270881
9257323
9270884
9253595
9257320
9270893
9253596
9253594
9257318
9279738
9275436
9270875
9270886
9270880
9245634
9245355
9463549
9274891
9282574
9270877
9270876
9274735
9270885
8503164
8503167
8503166
8503165
8503163
9279741
9270882
9257317
9279740
9279737
9286240
9279751
9279735
9252676
8503171
8503170
8503169
8503168
9279750
9282575
9286243
9297717
9286238
9297191
9270887
9297716
9297719
9286241
9279739
9270879
9286239
9286235
9278653
9286169
9297194
9292573
9282570
9286237
9301264
9301529
9301526
9286234
9279749
9297720
9443107
9305409
9279736
9301263
9292574
9305407
9282569
9301344
9297192
9308957
9313930
9305237
8503172
9306216
9286236
9301259
9320569
9301523
9304826
9301258
9301260
9286242
8503173
8503176
8503175
8503174
9301525
9301524
9297718
9313934
9320485
9313935
9313932
9308954
8503180
8503179
8503178
8503177
9305408
9320483
9316203
9308956
9297193
9329576
9320482
9313933
9329581
9306217
9324034
9324030
9316204
9308952
9317098
9331627
9318203
9329578
9329030
9329575
9324035
9313936
9308953
9320481
9301262
9329573
9636030
9636029
9329580
9329577
9324033
9313931
9331626
9329572
9316417
9316202
9340244
9331628
9320486
9336158
9329583
9335218
9329584
9320484
9308955
9340241
9335217
9332128
9324032
8503185
8503184
8503183
8503186
8503182
8503181
9336156
9350202
9350197
9329582
9345258
9332130
9332129
9331823
8503189
8503188
8503187
9340252
9345855
9324031
9329579
9440504
9340243
9354721
9350198
9336157
9350196
9345259
9354438
9340247
9340245
9336155
9381022
9367243
9354722
9354719
9353633
9367241
9340242
9359568
9349829
9331784
9354720
9350201
9331623
9340246
9367236
8503190
9367244
9362264
9444021
9372717
9363872
9359570
9340712
9359569
9372719
9359567
9340240
9372722
9359571
9350850
9359972
9382911
8503195
8503194
8503192
8503193
8503191
9359573
9359572
9373494
9372723
9367235
9359566
9381020
9377019
9367240
9350200
8503198
8503197
8503196
9367238
9359973
9372721
9367237
9377011
9367239
9382909
9391976
9386947
9382906
9382734
9391973
9386945
9382908
9377020
9400257
9400263
9395773
9391978
9382907
9395674
9382723
9382724
9377163
9367242
9391970
9391975
9382905
9377012
9391979
9223275
9223143
9215826
9245601
9202244
9215827
9405089
9372720
9400259
9391971
9404819
9386946
9391972
9391969
9223274
9223277
9223229
9400260
9386124
9382910
9412075
9404818
9400256
9391974
9404822
9244996
9240437
9223241
9210818
9416258
9416272
9400258
9395772
9405088
9422650
9223240
9250959
9240511
9248935
9232460
9422649
9411035
9416260
9416262
9432307
9404821
9401612
9432309
9416271
9411037
9431661
9416273
9405515
9391977
9432305
9431666
9422647
9422646
9415214
9404820
9422645
9420763
9416261
9416259
9405649
9422651
9454073
9440511
9431201
9422652
9440510
9445099
9432306
9411036
9440512
9432311
9422648
9260444
9432308
9449438
9440505
9432313
9440507
9432314
9432310
9354436
9252140
9248645
9249092
9240961
9445098
9440514
9440502
9459214
9432312
9427734
9440506
9450219
9440513
9454069
9260392
9252134
9273907
9251740
9450227
9440503
9462402
9450225
9445100
9454072
9454071
9440508
9450218
9432304
9450221
9462600
9450223
9440509
9450224
9464167
9454075
9454074
9450226
9470258
9450222
9450220
9459209
9466314
9474708
9465656
9459212
9450217
9462434
9459213
9459211
9470174
9466316
9459210
9454070
9474702
9466317
9479803
9462401
9466315
9471745
9479801
9462604
9268063
9286150
9285030
9265817
9282239
9269146
9470173
9474707
9470175
9474704
9479807
9479802
9471746
9471743
9465655
9281879
9260104
9285059
9474705
9474703
9479811
9479810
9471744
9470257
9470471
9484507
9489342
9484508
9475251
9493320
9479809
9479808
9474706
9479806
9475028
9493323
9493322
9493321
9489343
9486648
9484509
9484421
9484071
9493324
9489344
9489341
9489340
9483996
9479805
9479804
9803507
9803428
9804157
9804158
9813565
9813509
9823133
9828830
9803899
9813674
9803900
9829275
9839623
9823990
9839878
9813620
9806228
9824266
9803745
9823639
9840332
9806234
9814061
9839555
9819736
9840334
9828878
9815396
9803746
9823640
9806224
9828871
9839556
9803751
9828874
9814058
9840328
9814059
9840330
9840333
9815394
9806229
9828875
9815393
9806226
9828868
9839552
9806232
9839557
9823642
9806227
9806233
9828870
9803748
9803753
9828872
9814062
9828877
9839558
9806225
9815392
9803752
9803747
9889289
9861935
9893713
9888740
9898901
9828867
9803744
9803749
9889043
9907576
9903111
9911423
9911216
9889040
9915922
9903108
9911212
9911214
9915920
9903110
9889041
9889044
9915923
9903112
9911215
9915921
9911213
9232014
9232013
9903109
9232012
9232011
9235309
9911211
9232008
9232009
9232010
9232616
9232006
9232007
9975618
9967295
9232003
9235306
9232004
9232005
9920370
9920371
9975974
9232001
9232002
9971852
9231997
9231998
9235305
9232000
9231999
10000227
10000226
9975972
9231996
9231995
9231994
9232615
9971850
9975973
9235304
9231993
9971854
9231989
9231991
9231990
9231992
9977397
9235301
9971851
9231987
9231986
9231988
9231985
9231984
9231983
9971853
9231980
9231979
9231981
9231982
9235300
9231978
9231976
9231977
9231975
10025557
9232614
9235299
9235298
9231974
9231970
9231971
9231972
9231973
10040117
9231969
9235294
9231968
10040116
9231967
9231966
9231965
9232613
10040120
9231962
9231963
9231964
9231960
9231961
9232612
9235293
10040118
9231959
9231958
9231954
9231955
9235292
9231957
9231956
9231953
10040119
9231952
9231951
9235291
9231948
9231950
9231944
9232611
9231946
9231945
9231947
10040115
9235290
9231940
9231943
9231942
9231941
9231939
9235286
9232610
9231937
9231936
9231938
9235285
9231935
9231934
9231929
9231930
9231931
9231932
9231933
9235284
10118925
9231926
9231928
9231927
9231925
9231924
9231923
9231921
9232609
9231922
9235283
9235277
9231919
9231920
9231916
9235276
9231917
9231918
9231913
9231914
9231915
9231912
9235275
9231910
9231911
9231907
9231906
9231908
9231909
9235274
9231905
9231901
9235273
9231902
9232608
9231903
9231904
9231900
9231899
9232607
9231896
9231898
9231897
9231894
9231893
9231895
9231891
9231890
9231892
9231887
9231888
9235272
9231884
9231885
9231886
9231889
9235271
9231883
9235267
9231881
9231882
9231879
9231880
9235266
9231878
9231877
9235265
9231876
9231875
9231874
9231872
9231873
9235263
9231869
9231871
9231868
9231870
9231867
9231865
9231864
9231863
9231866
9235262
9231860
9231859
9231862
9231861
9232606
9970788
9967466
9967468
9970787
9235261
9971162
9232605
9967467
9991119
9967465
9975094
9985533
9975982
9985532
10000305
10000302
9991118
9991117
9991115
9995639
9991116
10000304
10017425
10000301
10000300
10003558
10008330
10000299
10008329
10007648
10017672
10017671
10027891
10017424
10008328
10035945
10033116
10017670
10033112
10033113
10033114
10033115
10040143
10050713
10050714
10040196
10069290
10069291
10064246
10017669
10059245
10064245
10073640
10050711
10050712
10073624
10033111
10060798
10097814
10069289
10097813
10078879
10040199
10066428
10088880
10078878
10103169
10069376
10088879
10106338
10117679
10088878
10102871
10099886
10106986
10605584
10102870
10135386
10117678
10135384
10135385
10160359
10144915
10144913
10144971
10144914
10118219
10139854
10168679
10160358
10129488
10639731
10652188
10651968
10652202
10652355
10652356
10686113
10652358
10652357
10686421
10690273
10700717
10695113
10701125
10696144
10701123
10701124
10743617
10722938
10337462
10337463
10337464
10752738
10337459
10337461
10337460
10337455
10336548
10337456
10337457
10339385
10336908
10337458
10763400
10764605
10336907
10337451
10336547
10337454
10337453
10337452
10764603
10337449
10337448
10339384
10337450
10764604
10337444
10337445
10337447
10339383
10337446
10337442
10337441
10336906
10336546
10337443
10337438
10337439
10337440
10339382
10337434
10336905
10336545
10337436
10337435
10337437
10448409
10337433
10485683
10485666
10485665
10485661
10471223
10448410
10337432
10337431
10337430
10336904
10339381
10471225
10485972
10485971
10471228
10485973
10485970
10485685
10485684
10337427
10337428
10336544
10337429
10486665
10483674
10486501
10486646
10471229
10486546
10486506
10486609
10486709
10486704
10486494
10483680
10486590
10486773
10486565
10486525
10486626
10486604
10486731
10486659
10486607
10486730
10486588
10486614
10486622
10899611
10486632
10486741
10486625
10337421
10337422
10339380
10337424
10337425
10337423
10337426
10336543
10486516
10486504
10486534
10486598
10900211
10486785
10486771
10486736
10486549
10486527
10486467
10337420
10336903
10486639
10486776
10486740
10486533
10486497
10486717
10486563
10337416
10339379
10337417
10336542
10337418
10337419
10486473
10486630
10486688
10486567
10486535
10486792
10486475
10337414
10337413
10336902
10337415
10483628
10919737
10483656
10486793
10486564
10486515
10486670
10486628
10486571
10486720
10483677
10483648
10483632
10483657
10483622
10486635
10486631
10486597
10486514
10486794
10486787
10486560
10486725
10486756
10486680
10486764
10486575
10486509
10486640
10486580
10486747
10486595
10486786
10486568
10337411
10486718
10486466
10486671
10486648
10486572
10486520
10337410
10337409
10336541
10339378
10337412
10486753
10486658
10486480
10486490
10486711
10486486
10486574
10486499
10486733
10486522
10486484
10337405
10337406
10337407
10337408
10486783
10483662
10483626
10483652
10483642
10483633
10483630
10483675
10483636
10483625
10483681
10483664
10486714
10486633
10486615
10486498
10486774
10486478
10486795
10486570
10486561
10486519
10486678
10486510
10486687
10486518
10486536
10337401
10337403
10337402
10336540
10336901
10337404
10339377
10486620
10486705
10486513
10486762
10486662
10486754
10486695
10486617
10486552
10337399
10337398
10337400
10486488
10486745
10486550
10486500
10486599
10486503
10337396
10337395
10337394
10337397
10336900
10486578
10486583
10486760
10486734
10486679
10486664
10486511
10486778
10486531
10486600
10486492
10486464
10337391
10336539
10337392
10337393
10339376
10486701
10486544
10486530
10486468
10483682
10483671
10483663
10483651
10483641
10483627
10483623
10483650
10483647
10486569
10486706
10486712
10486796
10486677
10486532
10486471
10486637
10486545
10486690
10486605
10486457
10486651
10486702
10486458
10486619
10486577
10486761
10486737
10486697
10337390
10486653
10486772
10486685
10486672
10486629
10486596
10337388
10336899
10339375
10337389
10486538
10486505
10486724
10486470
10486461
10486553
10486696
10486676
10486543
10337384
10337386
10337385
10336538
10337387
10486643
10486573
10486548
10486769
10486606
10486495
10483667
10483639
10483644
10483673
10483653
10483624
10483638
10483629
10483637
10486768
10486729
10486558
10486482
10486621
10486576
10486502
10486784
10486623
10486593
10486723
10486710
10486698
10337381
10337382
10337383
10336898
10336537
10339374
10486612
10486557
10486537
10486692
10486663
10486524
10486708
10486668
10486713
10486581
10337377
10337380
10337379
10337378
10483669
10483670
10483654
10483659
10483672
10483668
10483665
10483645
10483666
10483640
10483631
10483635
10486517
10486463
10483676
10483655
10483679
10483678
10483660
10483658
10483649
10483646
10483643
10483634
10483621
10486748
10486684
10486655
10486582
10486636
10486751
10486485
10486489
10486752
10486666
10486587
10486749
10486539
10486601
10486732
10486691
10486642
10486775
10486686
10486529
10486744
10486693
10486592
10486673
10486610
10486586
10486491
10486476
10486602
10337373
10336897
10337374
10337375
10337376
10486798
10486765
10486694
10486469
10486542
10486465
10486781
10486654
10486641
10339373
10337369
10337370
10337371
10486551
10486652
10486616
10486638
10486611
10486634
10486726
10486674
10486559
10486526
10486508
10486727
10486683
10486669
10486661
10486562
10486782
10486780
10486660
10486579
10486547
10486521
10486585
10486716
10486459
10486722
10486584
10486589
10486790
10486644
10486682
11058633
10486779
10486487
10486777
11058632
10337364
10337365
10337367
10337366
10337368
11058630
11058631
10337362
10337361
10336844
10337363
10339372
11059618
11059554
11059549
11059548
11109359
11059545
11059613
11059614
11059630
11059629
11059628
11059615
11059631
11059616
11059632
11059617
11113973
11059546
11124278
11059553
11059547
10337357
10337358
10337359
10336896
10337360
10339371
11059627
11059552
11059612
10825626
11059544
10337354
10336536
10337355
10337356
11127995
10337351
10337352
10336895
10337353
10486591
10486496
10336535
10337347
10337348
10337349
10337350
10339370
10486689
10486703
10486556
10486477
10486759
10486742
10486700
10486647
10486493
10486650
10486566
10486523
10486528
10486719
10486767
10486624
10486758
10486479
10486681
10486594
10798761
10486755
10486667
10486791
10486649
10486555
10486613
10486797
10486789
10486608
10486507
10486721
10486618
10337343
10337342
10337344
10336894
10337345
10337346
10339369
10782922
10486757
10486766
10486770
10486788
10486715
10486657
10486603
10816677
10486735
10779955
10486739
10486763
10486743
10486699
11120046
10825625
10808401
10486738
10486675
10486627
11149325
10448412
10448411
10336534
10337341
10337340
10448415
11149324
10895219
10486746
10486707
10825624
10812214
10771288
10830939
10825623
10486750
10486656
10825622
10486512
10900238
10782602
10904955
10836282
10830938
10782921
10488462
10486728
10836283
10822924
10836284
10895218
10337338
10337337
10337339
10336893
10909981
10909980
10905058
10905052
10899887
10804095
10909983
10909979
10812058
10904953
10486554
10910260
10920452
10914981
10914980
10906443
10895217
10899886
10816686
10822935
10915344
10486645
10920328
10920454
10915345
10337333
10339368
10336533
10337335
10337334
10337336
10920446
10909986
10904954
10928355
10937130
10900237
10927850
10920456
10927742
10920451
10920329
10920458
10920330
10927849
10899888
10947488
10927851
10909982
10937133
10937139
10920450
10920449
10909984
10937142
10931608
10931612
10920448
10909985
10941946
10920453
10337327
10336532
10337328
10339365
10337330
10337329
10337331
10337332
10937144
10931611
10920445
10941966
10927853
10941965
10920447
10937136
10337325
10337326
10957676
10957649
10931609
10920455
10947487
10937134
10337323
10337324
10336531
10339364
10957651
10937131
10920457
10937135
10937132
10957659
10942203
10931436
10957660
10957652
10931613
10927852
10337320
10337319
10337318
10337321
10337322
10947486
10957661
10957658
10957655
10962198
10932018
10957678
10947482
10957657
10952748
10947485
10937141
10957679
10941967
10937140
10976724
10947481
10947483
10971388
10957674
10961991
10947484
10957648
10961994
10957672
10966268
10962137
10957675
10971384
10965857
10971386
10937143
10957650
10961993
10957656
10957677
10337311
10976725
10948023
10976723
10976719
10971390
10957673
10971389
10337313
10337314
10337315
10337316
10337317
10339363
10957653
10961992
10981195
10981196
10971382
10957654
10986242
10966269
10337310
10336891
10337312
10962199
10986244
10981197
10976718
10981199
10965858
10957662
10966267
10986243
10971383
10981198
10991466
10965861
10995801
10976722
10965859
10971385
10981193
10990802
10992768
10990762
10986247
10971387
10965860
10999190
10471227
10991467
10471226
10471221
10981977
10991469
10995800
10990803
10976717
10337303
10339362
10337305
10337304
10337306
10337308
10337309
10336890
10337307
10991306
10471230
10990759
10990757
10336530
10999620
10999299
10991465
11005390
10999300
10990804
10990756
10339361
10337298
10337300
10337299
10337301
10337302
11015184
10990758
10990761
10976716
10990755
10981192
11005388
10337296
10336889
10336529
10337297
11015296
10991468
11019743
11015187
11005164
11015185
10999621
10990760
11015186
11025170
11025163
10995803
11025162
10981194
11025161
11015120
10999298
10990754
11015121
11005391
11025120
10995802
11009751
10999619
11328724
11033328
11009752
11025166
11029030
11025172
10337295
11025167
11025165
11010290
11009750
11009870
11028028
11025169
11009869
11033786
11019739
11038698
11025171
10337291
10337292
10337293
10336888
10337294
11025180
11026605
11025119
11019433
11038642
11025164
11019427
11038697
11033790
10337290
10337289
10339360
10336528
11048760
11029338
11025168
11029337
11258329
11039014
11044364
11029342
11048836
11038696
11033788
11038644
11033789
11038643
11033787
11029341
11028929
11043644
11359616
11048759
11043643
11038693
11038695
11038694
11048753
11039015
11044365
11048762
11057949
11048756
11050176
11033319
11044508
11044506
10337285
10337284
10337283
10337286
10337282
10336887
10337287
10337288
10339359
11044507
11048763
11048837
10336527
11050178
11050175
11048757
11048752
11044351
11057956
11057952
11057958
11057957
11048755
10337279
10337281
10337280
10336886
10339358
11057950
11048761
11066633
11076184
11048758
11066638
11081251
10337275
10336526
10337277
10337276
10337278
11066634
11050177
11071757
11081248
11085983
11081249
11057948
11044352
11081252
11090867
11081244
11071759
11066635
11094817
11057954
11085978
11057953
11090830
11081247
11095112
11090872
11081246
11076183
11090828
11085977
11099507
11090827
11057955
11099509
11090871
11090870
11090826
11103527
11095115
11109704
11085976
11057951
11081245
11099510
11090869
11090868
11103526
10337272
10337271
10337273
10337274
10336525
11099508
11131849
11113969
11099092
11118851
11109705
11095116
11123382
11098901
11094818
11090829
11123384
11095111
11081250
10339357
10337268
10337269
10337270
10336885
11095114
11131550
11090831
11118849
11118850
11098900
11113970
11109707
11095117
11131846
11131005
11131004
11123375
11109709
11151167
11113968
11131848
11095113
11150639
11123378
11150643
11131002
11123376
11136033
11159593
11136321
11150636
11131549
11109706
11147364
11155776
11150640
11136322
11123377
11150642
11127347
11163208
11159594
11155778
11163807
11147363
11136030
10337264
10336524
10337266
10337267
11150634
11163808
11155777
11168855
11150638
11131847
11163209
11155775
11150641
11150635
11169205
10337263
10337261
10337262
10336884
10337265
10339356
11159227
11172456
11150633
11159588
11159225
11150637
11159587
11172166
11169201
11159226
11172457
11171930
11171929
11159595
11171933
11171931
11185029
11185026
11179521
11169200
11163809
11169204
11159592
11185027
11169203
11172167
11181878
11179520
11171932
11180371
11172168
11169202
11163810
11194401
11172452
11185024
11172169
11180369
11189287
11185022
11192741
11188945
11189289
11197626
11189291
11185025
11189288
11172165
11180370
11172454
11172453
10337257
10337259
10337258
10337260
11189292
11189286
11192742
11201778
11201776
11205184
10337253
10337254
10337255
10337256
11213166
11197625
11197636
11185028
11185023
11197624
11192161
11205183
11185021
11197627
11194400
11189290
11197637
11201371
11213170
11205180
11205186
11208563
11197634
11213160
11201370
11192160
11217596
11197623
11197630
11201777
11197635
11222032
11213163
11205178
11213161
11213162
11205185
11213167
11197628
11033090
11222033
11208564
11205182
11222224
11217687
11204287
11032638
11205179
11217686
11217597
11213168
11213164
11217599
11213165
11197629
11084924
11019202
11084748
11031644
10989096
11047972
11222223
11213159
11222030
11221428
11213169
11222029
11235917
11231500
11235924
11205181
11043547
11033434
11002956
11230877
11227502
11221422
11217598
11227501
11227507
11231069
11324505
11235919
11588692
11217595
11254241
11235925
11227503
11217688
11231067
11235922
11240223
11230876
11227506
11235918
11245488
11254237
11222031
11245490
11245489
11235920
11227504
11250678
11227505
11438293
11551518
11576367
11250680
11250682
11250681
11235926
11250679
11267204
11235921
11235916
11254236
11254235
11245491
11265149
11254240
11249808
11240674
11044214
11002955
11096984
11094456
11084525
11117337
11273481
11245487
11278066
11348250
11235915
11254242
11245048
11235923
11084603
11024195
11043104
11096562
11288570
11254424
11273482
11265147
11265125
11254239
11253847
11249809
11276439
11261160
11253849
11265148
11245486
11265146
11253848
11245485
11288567
11282952
11278064
11277054
11277055
11273479
11277062
11273483
11254423
11267205
11299818
11288566
11278068
11276438
11254238
11282949
11131840
11084725
11123359
11117426
11019289
11130295
11098673
11117611
11273477
11288568
11296935
11288571
11278067
11261161
11282954
11032637
11288572
11282948
11293103
11288574
11278065
11293105
11273478
11144802
11145099
11140082
11042777
11303449
11293102
11282953
11273480
11293101
11288573
11286994
11288575
11297338
11299819
11048159
11139478
11099108
11139455
11117369
11297336
11288569
11299821
11296936
11308130
11303446
11303026
11324504
11299822
11299820
11303447
11282951
11318545
11297337
11308657
11308656
11323708
11318550
11314595
11293104
11308190
11329003
11303027
11314598
11308191
11326587
11303450
11438434
11323707
11328759
11334634
11318546
11308131
11314594
11318549
11314593
11171098
11328752
11338392
11318552
11334635
11318548
11348249
11344316
11303448
11150939
11159168
11090041
11090040
11162246
11158482
11333099
11329005
11314596
11329006
11338394
11318547
11308655
11245492
11171335
11167366
11139454
11344318
11333098
11334632
11333100
11344902
11324098
11318551
11328758
11360777
11344319
11339082
11328761
11329004
11344326
11344317
11323710
11344313
11344314
11338393
11338391
11334633
11370301
11365268
11348852
11328760
11376958
11344320
11334631
11348850
11183327
11200219
11196504
11196503
11161041
11101920
11103637
11186149
11376959
11344327
11360779
11350967
11356644
11365272
11344315
11200375
11131208
11396714
11360770
11348851
11356642
11360778
11350968
11344325
11358552
11356649
11196657
11211394
11212830
11212784
11185040
11376950
11370302
11365265
11356648
11365271
11365270
11365266
11365274
11122614
11212782
11144227
11122386
11212783
11376949
11365267
11360771
11368330
11365269
11360772
11356643
11376946
11376951
11376948
11365273
11376960
11370300
11376952
11406984
11397008
11376947
11551511
11409727
11403050
11402377
11397009
11390753
11390228
11376953
11418821
11397709
11396715
11396713
11390752
11390387
11390227
11368329
11738370
11738371
11738713
11131207
11145277
11212179
11221698
11230172
11738804
11230822
11221697
11139659
11230996
11221365
11752876
11738368
11738805
11738369
11753265
11762217
11762599
11752931
11738806
11740516
11748484
11761731
11761717
11757615
11740510
11740522
11763030
11740504
11752505
11740518
11763023
11781078
11757612
11740506
11740512
11740520
11763020
11763026
11752500
11740500
11757613
11752503
11740513
11740508
11740502
11781074
11796548
11763284
11757616
11740509
11763021
11763028
11763143
11740515
11763029
11752504
11740521
11781075
11796549
11763283
11740519
11805791
11763142
11740514
11820403
11810926
11757614
11826361
11820838
11831431
11831376
11796550
11763141
11839974
11826599
11835919
11781076
11763282
11836265
11831463
11848171
11844781
11828733
11853641
11853489
11836262
11835562
11769069
11340348
11844778
11828730
11340387
11343397
11343385
11828732
11836264
11835557
11340379
11343398
11340364
11769070
11340336
11343384
11835560
11844779
11868697
11828734
11344141
11344188
11343434
11340423
11844782
11343359
11340366
11340405
11888148
11343429
11340332
11344179
11343392
11883364
11344125
11340408
11344156
11340377
11343411
11340404
11844777
11898365
11344166
11343399
11907086
11344167
11344154
11899832
11340338
11340407
11887836
11888578
11908973
11343431
11340345
11343365
11344134
11343417
11899828
11344144
11340398
11340383
11930746
11908969
11343413
11343418
11340359
11340346
11899829
11908970
11340378
11344162
11899831
11343406
11344173
11343389
11340403
11344139
11899830
11343387
11343368
11340344
11343404
11340388
11790372
11344160
11344172
11899827
11340395
11344177
11340374
11340349
11343393
11343386
11344132
11344170
11340390
11950788
11340410
11343430
11340417
11343408
11972626
11340362
11340413
11343377
11344187
11343361
11344178
11344159
11343420
11343401
11340340
11972627
11340357
11340418
11344136
11343423
11343403
11972630
11340381
11340339
11343362
11344147
11344184
11343390
11340363
11343421
11972629
11344145
11343381
11343356
11344175
11340350
12044779
12038427
11343364
11344165
11340393
11340425
11340333
11344176
11343422
11343367
11340421
11340347
11344146
11343432
11343394
11340391
11343412
11343402
11340342
11340414
11344153
11340365
11343366
11343425
11343375
11343405
11343395
11340402
11344148
11340356
11344124
11344185
11340351
11343376
11340400
11344140
11340384
11343378
11340412
11344163
11343426
11340415
11343369
12063205
11340380
11343400
11343428
11790371
11340361
11340411
11340389
11344143
11344168
11343424
11343360
11340406
11340352
11344131
11340367
11343436
11343353
11344138
11340375
11344180
11343437
11340360
11340397
11344182
11343379
11340354
11340396
11344152
11343382
11340355
11340422
11344133
11344161
11343388
11343363
11340420
11344183
11343433
11344155
11343427
11340341
11340358
11340334
11340376
11343358
11343410
11344174
11343409
11343435
11343416
12244302
11344135
11340394
11340343
11343374
11343355
11344169
11340369
11340424
11344181
11343370
11343380
11344157
11343419
11340399
11343414
11340337
11340409
11344126
11340382
11343396
11340373
11344164
11340385
11344171
11343391
11864617
11340419
11344151
11340416
11343383
11872062
11340353
11344158
11867409
11343354
11343415
11340368
11864615
11343352
11888551
11873285
11864616
11343357
11892642
11864618
11883566
11883565
11893016
11898261
11883564
11888552
11871792
11340392
11893015
11888557
11898260
11906494
11897504
11898267
11906493
11888556
11912588
11922200
11922201
11921987
11934336
11906492
11897503
11927050
11917209
11939646
11934337
11931727
11954806
11945464
11936326
11912587
11939645
11954805
11927049
11964105
11945693
11936325
11954807
11939647
11922202
11931726
11968767
11960329
11945465
11954803
11954802
11954801
11964831
11954808
11954804
11963838
11987115
11982562
11968766
11963837
